MAPCENTER:-37.352746, 175.073329
STARTFINISH1:-37.353762,175.072387,-37.353648,175.072621
ZOOMLEVEL:16.44
KML:175.072802833579,-37.3541085950495,0 175.0715312932418,-37.35241037428194,0 175.0714666075931,-37.35231835116958,0 175.0714362460483,-37.35223551937052,0 175.071424441525,-37.35214299884368,0 175.071472207307,-37.3520491778385,0 175.0715435198296,-37.35195977746702,0 175.0716586853554,-37.35190988316281,0 175.0717897815155,-37.35190991001701,0 175.0719206325585,-37.35197975207398,0 175.0728462008329,-37.35263093817832,0 175.0729483154039,-37.35267842322148,0 175.0730820034399,-37.35269264698815,0 175.0731920235027,-37.35266896990338,0 175.0732847834599,-37.35262147597859,0 175.0733661420678,-37.3525547181656,0 175.0734072841803,-37.35243472928376,0 175.0734198271341,-37.35231015761251,0 175.0733856668803,-37.3515047337298,0 175.0733936206416,-37.35137577717109,0 175.0734720988487,-37.35126660490215,0 175.0736095048473,-37.35116502252279,0 175.0737837295808,-37.35110897691605,0 175.0739829037347,-37.35110372134635,0 175.0741704613349,-37.3511144301863,0 175.0743692174473,-37.35118755307864,0 175.0745319084832,-37.35126672170458,0 175.0746761349106,-37.35136036657911,0 175.0748188827125,-37.35148432769047,0 175.0749024337934,-37.35162766515714,0 175.0749514373484,-37.35174438899848,0 175.0749985258069,-37.35192027633352,0 175.0749940305265,-37.35208572747104,0 175.0749433272219,-37.35228958067897,0 175.0748554266723,-37.35245896044669,0 175.0736583482701,-37.35421946619635,0 175.0735346462231,-37.35430405658539,0 175.0733788399224,-37.3543377343536,0 175.0732064961542,-37.35433771560619,0 175.0730378912423,-37.35430400140496,0 175.0729363251124,-37.35425752125875,0 175.0728541118394,-37.35418538536587,0 175.0728258790837,-37.35414704296346,0 175.072802833579,-37.3541085950495,0 
175.076497379384,-37.35023702371255,0 175.0767649312561,-37.35020615763526,0 175.0770150995285,-37.35024307813537,0 175.0772269660813,-37.35030449786405,0 175.0774202919338,-37.35042559599484,0 175.0775561946562,-37.35059468061392,0 175.0779907296073,-37.3514820008611,0 175.0780768004951,-37.35186917137531,0 175.0783705758203,-37.35376239490896,0 175.0783703612539,-37.35410278369993,0 175.0781734209057,-37.35502139599001,0 175.0780398504778,-37.35544977706012,0 
