MAPCENTER:-44.296,171.203
STARTFINISH1:-44.296480, 171.202693,-44.296512, 171.202873
ZOOMLEVEL:16
KML:				171.2030591965562,-44.29570941875185,0 171.2029827772897,-44.29600784612035,0 171.2026976459623,-44.29679889170794,0 171.2024525038079,-44.29750922102362,0 171.2023857239027,-44.29761464994527,0 171.2022997152788,-44.29767904882547,0 171.2022181766279,-44.29772420460253,0 171.2021340178372,-44.29775048494679,0 171.2020326910483,-44.297758903794,0 171.2019389087376,-44.29777645077147,0 171.2018602043758,-44.29780258875981,0 171.201767730806,-44.29784475486789,0 171.2017096707589,-44.29793343983746,0 171.2016683811275,-44.29804076720129,0 171.2016552198574,-44.29820020224464,0 171.2016362581037,-44.29880263410641,0 171.2016392733067,-44.29890180616236,0 171.2016562874117,-44.29898925637524,0 171.2017402176716,-44.29906277461497,0 171.2018517717268,-44.2991171896866,0 171.2019808082198,-44.29913414173002,0 171.2021082555654,-44.29912915292853,0 171.2022240970918,-44.29911322997506,0 171.2023291659739,-44.299074473575,0 171.20245509267,-44.29903793460732,0 171.2025496588995,-44.29898655554494,0 171.2026065711875,-44.29892125723531,0 171.2026567480266,-44.29886191724733,0 171.2027051823673,-44.29878869704061,0 171.2027336999261,-44.29872779565626,0 171.2038067518855,-44.2936968681849,0 171.2038114431372,-44.29358953161998,0 171.2037973461698,-44.29345824672416,0 171.2037753179058,-44.29336593453345,0 171.2037312092488,-44.29323776071944,0 171.2036818046219,-44.29311776006125,0 171.2036346059436,-44.29301937211362,0 171.2035473123792,-44.29294929190807,0 171.2034603709966,-44.29288758759297,0 171.2033824490572,-44.29285690554563,0 171.2032479517044,-44.29280864130428,0 171.2031132463234,-44.29279221507807,0 171.2029843747388,-44.29278486778188,0 171.2028817286726,-44.29279251866144,0 171.2027786758814,-44.2928047828099,0 171.2026705339584,-44.29283963906719,0 171.202594894979,-44.29287657477555,0 171.2025154778887,-44.29294561944144,0 171.2024485600577,-44.29301117217346,0 171.2023958548522,-44.29308697333077,0 171.2023643878927,-44.29317324559763,0 171.2023338117551,-44.2932690879481,0 171.2023290825137,-44.29335219476962,0 171.2023527502489,-44.29344547750357,0 171.2024178201448,-44.29354431520898,0 171.2029980742124,-44.29439031823583,0 171.2030693220358,-44.29450764731377,0 171.2031184107574,-44.29460214791521,0 171.2031646439299,-44.29479160103274,0 171.2031811533743,-44.29494535836786,0 171.2031738239737,-44.29511823760493,0 171.2030591965562,-44.29570941875185,0 
