MAPCENTER:-37.3561,175.077
STARTFINISH1:-37.3561,175.077,-37.3563,175.078
ZOOMLEVEL:17.04
KML:				175.078048303438,-37.3554497781092,0 175.0768792446461,-37.35757841116035,0 175.0767637821716,-37.35768903819347,0 175.0766322435696,-37.35778073660394,0 175.0765154604479,-37.35783553989385,0 175.0763904478627,-37.35787805062171,0 175.0762491226719,-37.35791435462886,0 175.0760988143355,-37.35792642102844,0 175.0759713546408,-37.35791432838069,0 175.0757868510019,-37.35787799602499,0 175.0756793210884,-37.35781721473052,0 175.0755430163541,-37.35769506367142,0 175.0739778187562,-37.3556409713204,0 175.0736007208877,-37.35515155041076,0 175.0732380446171,-37.35466160773684,0 175.0728236339507,-37.35414008493572,0 175.0717752514435,-37.35274072039684,0 175.0714788180928,-37.35235288387832,0 175.0714292228542,-37.35217358161222,0 175.0714461015697,-37.35205883759575,0 175.0715240279785,-37.3519695792496,0 175.0716718128845,-37.35191262826071,0 175.0718296890314,-37.35192079308101,0 175.072013240358,-37.35204272769487,0 175.0727557676897,-37.35256762945998,0 175.0729430105266,-37.35268592751335,0 175.0730796858701,-37.35269380504085,0 175.0732035086918,-37.35267023002852,0 175.0733147225938,-37.35261509104778,0 175.0733862812859,-37.35252814046098,0 175.0734171978421,-37.35240103854697,0 175.0733933554536,-37.3514847538038,0 175.0734166786893,-37.35135970111189,0 175.0734896610376,-37.35125914417507,0 175.0735838049339,-37.35118247890039,0 175.0737426896467,-37.35111059412375,0 175.0739194342161,-37.35109369277994,0 175.0740893405793,-37.35110218738395,0 175.0742623696725,-37.35113760411668,0 175.0744001553653,-37.35119156747711,0 175.074566772648,-37.35127608158388,0 175.0747566440889,-37.35142665617019,0 175.0749000659669,-37.3515927618142,0 175.074980206176,-37.3517904405244,0 175.0750031745156,-37.35197007627187,0 175.0749839138846,-37.35216893989637,0 175.0749233312395,-37.35232939710223,0 175.0739626065996,-37.35375525158773,0 175.0739614051804,-37.35391157736375,0 175.0740229945345,-37.35408146252756,0 175.0741595419387,-37.35422077179026,0 175.0743025511939,-37.35433158220825,0 175.0744693101929,-37.35442724025012,0 175.0746305585591,-37.35448501028013,0 175.0748432322206,-37.35454262874721,0 175.0750247714954,-37.3545426479205,0 175.0752127542737,-37.3545138903443,0 175.0753188470951,-37.35442733242585,0 175.0754038741582,-37.35428224626791,0 175.0754548612321,-37.35290527624206,0 175.0754655247946,-37.35279603698955,0 175.0755506652369,-37.352717672811,0 175.0756662303153,-37.35268625529982,0 175.0757938235251,-37.35270198790207,0 175.0759325686246,-37.35275693310195,0 175.0760459972661,-37.35285078495149,0 175.0770865165367,-37.3546861182531,0 175.0772012878876,-37.35478582728654,0 175.0773056727128,-37.35483550213461,0 175.0774347287144,-37.35484968010602,0 175.0775454302315,-37.3548071533062,0 175.0775865273096,-37.35470756291028,0 175.0775406766473,-37.35456443425003,0 175.0759893144528,-37.35112466977499,0 175.0759017653042,-37.35092397553446,0 175.0758831104415,-37.35073880358296,0 175.0759390746313,-37.35053388403263,0 175.0760755641162,-37.35041210427498,0 175.0762522336682,-37.35031597211077,0 175.0764219449302,-37.35026337114611,0 175.0766019615209,-37.35021944719744,0 175.0767939854762,-37.35020789873647,0 175.0770052787983,-37.3502342914047,0 175.0772074296434,-37.35028696958399,0 175.0774105796785,-37.35041681533723,0 175.0775169502358,-37.3505253523661,0 175.0776249951185,-37.3507412970828,0 175.0777605975637,-37.35098071401006,0 175.0779813608523,-37.3514736885542,0 175.0780482045722,-37.3517299175116,0 175.0783617826735,-37.35374000028912,0 175.0783790861795,-37.35411012193219,0 175.078048303438,-37.3554497781092,0 
