MAPCENTER:-37.3552,175.077
STARTFINISH1:-37.3561,175.077,-37.3562,175.078
ZOOMLEVEL:16.68
KML:				175.0780398504778,-37.35544977706012,0 175.0768714790538,-37.35758457339323,0 175.0767483346669,-37.35770129220355,0 175.0766473472294,-37.35776243192471,0 175.0765001527202,-37.35784769644332,0 175.0763198957515,-37.35789624082577,0 175.0761699951304,-37.35792038942829,0 175.0760271561227,-37.35792037373665,0 175.0758673878239,-37.35789618900615,0 175.0757291566576,-37.35784762879686,0 175.075621004404,-37.35778065099639,0 175.0746327708862,-37.35651354922189,0 175.0739694052317,-37.35564097082433,0 175.0739091962366,-37.35547686807482,0 175.0739132015128,-37.3553598175063,0 175.0739737054363,-37.3552142869774,0 175.0741299686723,-37.35508172967019,0 175.0743667714866,-37.35506073638613,0 175.0745637384272,-37.35506776893726,0 175.0747837732398,-37.35504676123175,0 175.0749749102179,-37.35498356329536,0 175.0751553060512,-37.35488484963032,0 175.0752898971515,-37.3547358584859,0 175.0753634646761,-37.3545642371305,0 175.0753993267163,-37.3543404061631,0 175.075409888565,-37.35414127412584,0 175.0754501179752,-37.35283511345195,0 175.0755416245093,-37.35271767246478,0 175.0756928863797,-37.35267839336465,0 175.0758765721682,-37.35272555550635,0 175.0760078147988,-37.35281173036265,0 175.07711321793,-37.35471465510988,0 175.0772274564256,-37.35480003237661,0 175.0773659210064,-37.35484259140755,0 175.0774943428153,-37.35482842819815,0 175.0775785847363,-37.35474318731345,0 175.0775680900208,-37.35464327873239,0 175.0775314679807,-37.35453568802138,0 175.0758805612193,-37.35088127801789,0 175.0758736043582,-37.35074585564722,0 175.0759237838459,-37.35060317996654,0 175.0759843386343,-37.35049046774012,0 175.0760937603271,-37.35039465515688,0 175.076270936984,-37.35030721231205,0 175.076497379384,-37.35023702371255,0 175.0767649312561,-37.35020615763526,0 175.0770150995285,-37.35024307813537,0 175.0772269660813,-37.35030449786405,0 175.0774202919338,-37.35042559599484,0 175.0775561946562,-37.35059468061392,0 175.0779907296073,-37.3514820008611,0 175.0780768004951,-37.35186917137531,0 175.0783705758203,-37.35376239490896,0 175.0783703612539,-37.35410278369993,0 175.0781734209057,-37.35502139599001,0 175.0780398504778,-37.35544977706012,0 
